ID_GEST_DEFA_STOC_TIP_PRODUSE|ID_GEST_TIP_STOC|ID_GEST_TIP_DOCUM|PREDATOR|ID_GEST_TIP_PRODUSE|SEMN|SEMN_ITEMS|id_gest_defa_Docum
-----------------------------|----------------|-----------------|--------|-------------------|----|----------|------------------
63|1|15|1|1|1|-1|NULL
64|1|15|1|7|1|-1|NULL
110|8|43|2|7|1|-1|NULL
218|8|48|1|16|-1|-1|NULL
219|8|48|1|7|-1|-1|NULL
220|8|48|2|16|1|1|NULL
221|8|48|2|7|1|1|NULL
224|8|48|2|16|1|-1|NULL
225|8|48|2|7|1|-1|NULL
252|30|51|1|17|-1|1|NULL
254|30|51|1|17|-1|-1|NULL
256|4|51|2|17|1|1|NULL
258|4|51|2|17|1|-1|NULL
271|1|52|1|1|1|-1|NULL
272|1|52|1|7|1|-1|NULL
297|1|56|2|1|1|1|NULL
298|1|56|2|7|1|1|NULL
301|1|56|2|1|1|-1|NULL
302|1|56|2|7|1|-1|NULL
305|3|56|1|1|1|1|NULL
306|3|56|1|7|1|1|NULL
309|3|56|1|1|1|-1|NULL
310|3|56|1|7|1|-1|NULL
311|8|48|1|16|-1|1|NULL
312|8|48|1|7|-1|1|NULL
333|1|52|1|1|1|1|NULL
334|1|52|1|7|1|1|NULL
347|1|15|1|1|1|1|NULL
348|1|15|1|7|1|1|NULL
380|10|42|2|1|1|-1|NULL
381|10|42|2|16|1|-1|NULL
382|10|42|2|7|1|-1|NULL
391|1|42|1|1|-1|1|NULL
392|1|42|1|7|-1|1|NULL
393|1|42|1|1|-1|-1|NULL
394|1|42|1|7|-1|-1|NULL
396|8|42|1|16|-1|1|NULL
398|8|42|1|16|-1|-1|NULL
399|10|42|2|1|1|1|NULL
400|10|42|2|16|1|1|NULL
401|10|42|2|7|1|1|NULL
411|8|43|2|7|1|1|NULL
439|8|18|2|1|1|1|NULL
440|8|18|2|16|1|1|NULL
441|8|18|2|7|1|1|NULL
445|8|18|2|1|1|-1|NULL
446|8|18|2|16|1|-1|NULL
447|8|18|2|7|1|-1|NULL
454|8|18|1|1|-1|1|NULL
455|8|18|1|16|-1|1|NULL
456|8|18|1|7|-1|1|NULL
460|8|18|1|1|-1|-1|NULL
461|8|18|1|16|-1|-1|NULL
462|8|18|1|7|-1|-1|NULL
464|1|61|1|1|-1|1|NULL
466|1|61|1|1|-1|-1|NULL
468|1|61|2|1|1|1|NULL
470|1|61|2|1|1|-1|NULL
490|8|15|1|16|1|1|NULL
491|8|15|1|16|1|-1|NULL
493|31|62|1|18|1|1|NULL
495|31|62|1|18|1|-1|NULL
509|31|15|1|18|1|1|NULL
511|31|15|1|18|1|-1|NULL
524|8|52|1|16|1|1|NULL
525|8|52|1|16|1|-1|NULL
526|31|52|1|18|1|1|NULL
527|31|52|1|18|1|-1|NULL
584|1|59|1|1|-1|1|NULL
585|1|59|1|19|-1|1|NULL
588|1|59|1|1|-1|-1|NULL
589|1|59|1|19|-1|-1|NULL
592|2|59|2|1|1|1|NULL
593|2|59|2|19|1|1|NULL
596|2|59|2|1|1|-1|NULL
597|2|59|2|19|1|-1|NULL
610|31|59|1|1|-1|1|NULL
611|31|59|1|19|-1|1|NULL
614|31|59|1|1|-1|-1|NULL
615|31|59|1|19|-1|-1|NULL
630|1|45|1|1|-1|1|NULL
631|1|45|1|20|-1|1|NULL
634|1|45|1|1|-1|-1|NULL
635|1|45|1|20|-1|-1|NULL
642|1|45|2|1|1|1|NULL
643|1|45|2|20|1|1|NULL
646|1|45|2|1|1|-1|NULL
647|1|45|2|20|1|-1|NULL
661|1|43|1|7|-1|-1|NULL
662|1|43|1|9|-1|-1|NULL
665|1|43|1|7|-1|1|NULL
666|1|43|1|9|-1|1|NULL
742|1|61|1|1|-1|1|269
744|1|61|1|1|-1|-1|269
746|1|61|2|1|1|1|269
748|1|61|2|1|1|-1|269
751|1|42|1|1|-1|1|207
752|1|42|1|7|-1|1|207
755|1|42|1|1|-1|-1|207
756|1|42|1|7|-1|-1|207
759|8|42|1|1|-1|1|207
760|8|42|1|7|-1|1|207
763|8|42|1|1|-1|-1|207
764|8|42|1|7|-1|-1|207
767|10|42|2|16|1|1|207
768|10|42|2|7|1|1|207
772|10|42|2|1|1|-1|207
773|10|42|2|16|1|-1|207
774|10|42|2|7|1|-1|207
777|1|52|1|1|1|1|233
778|1|52|1|7|1|1|233
781|1|52|1|1|1|-1|233
782|1|52|1|7|1|-1|233
788|8|52|1|7|1|-1|233
790|8|52|1|7|1|1|233
792|31|52|1|18|1|1|233
794|31|52|1|18|1|-1|233
839|1|56|2|1|1|1|256
840|1|56|2|7|1|1|256
843|1|56|2|1|1|-1|256
844|1|56|2|7|1|-1|256
847|3|56|1|1|1|1|256
848|3|56|1|7|1|1|256
851|3|56|1|1|1|-1|256
852|3|56|1|7|1|-1|256
1261|1|54|1|19|-1|1|252
1263|1|54|1|19|-1|-1|252
1265|2|54|2|19|1|1|252
1267|2|54|2|19|1|-1|252
1269|31|54|1|19|-1|1|252
1271|31|54|1|19|-1|-1|252
1581|1|4|2|1|1|-1|258
1582|1|4|2|20|1|-1|258
1583|1|4|2|7|1|-1|258
1619|8|4|2|16|1|-1|14
1623|30|4|2|17|1|-1|14
1627|31|4|2|18|1|-1|14
1631|32|4|2|9|1|-1|14
1633|8|4|2|16|1|1|258
1635|8|4|2|16|1|-1|258
1637|30|4|2|17|1|1|258
1639|30|4|2|17|1|-1|258
1641|31|4|2|18|1|1|258
1643|31|4|2|18|1|-1|258
1645|32|4|2|9|1|1|258
1647|32|4|2|9|1|-1|258
1708|1|59|1|18|-1|1|268
1709|1|59|1|19|-1|1|268
1710|1|59|1|20|-1|1|268
1714|1|59|1|18|-1|-1|268
1715|1|59|1|19|-1|-1|268
1716|1|59|1|20|-1|-1|268
1721|2|59|2|1|1|1|268
1722|2|59|2|18|1|1|268
1723|2|59|2|19|1|1|268
1724|2|59|2|20|1|1|268
1729|2|59|2|1|1|-1|268
1730|2|59|2|18|1|-1|268
1731|2|59|2|19|1|-1|268
1732|2|59|2|20|1|-1|268
1737|31|59|1|1|-1|1|268
1738|31|59|1|18|-1|1|268
1739|31|59|1|19|-1|1|268
1740|31|59|1|20|-1|1|268
1745|31|59|1|1|-1|-1|268
1746|31|59|1|18|-1|-1|268
1747|31|59|1|19|-1|-1|268
1748|31|59|1|20|-1|-1|268
1834|8|4|2|16|1|1|14
1836|30|4|2|17|1|1|14
1838|31|4|2|18|1|1|14
1840|32|4|2|9|1|1|14
1844|1|4|2|1|1|1|258
1845|1|4|2|20|1|1|258
1846|1|4|2|7|1|1|258
2404|1|43|1|7|-1|1|210
2405|1|43|1|9|-1|1|210
2408|1|43|1|7|-1|-1|210
2409|1|43|1|9|-1|-1|210
2412|8|43|2|6|1|1|210
2413|8|43|2|7|1|1|210
2416|8|43|2|6|1|-1|210
2417|8|43|2|7|1|-1|210
2506|8|18|1|16|-1|1|69
2507|8|18|1|18|-1|1|69
2508|8|18|1|6|-1|1|69
2509|8|18|1|7|-1|1|69
2510|8|18|1|16|-1|-1|69
2511|8|18|1|18|-1|-1|69
2512|8|18|1|6|-1|-1|69
2513|8|18|1|7|-1|-1|69
2514|1|18|2|16|1|1|69
2515|1|18|2|18|1|1|69
2516|1|18|2|6|1|1|69
2517|1|18|2|7|1|1|69
2518|1|18|2|16|1|-1|69
2519|1|18|2|18|1|-1|69
2520|1|18|2|6|1|-1|69
2521|1|18|2|7|1|-1|69
2522|1|15|1|21|1|-1|NULL
2523|1|52|1|21|1|-1|NULL
2524|1|56|2|21|1|1|NULL
2525|1|56|2|21|1|-1|NULL
2526|3|56|1|21|1|1|NULL
2527|3|56|1|21|1|-1|NULL
2528|1|52|1|21|1|1|NULL
2529|1|15|1|21|1|1|NULL
2530|10|42|2|21|1|-1|NULL
2531|1|42|1|21|-1|1|NULL
2532|1|42|1|21|-1|-1|NULL
2533|10|42|2|21|1|1|NULL
2534|8|18|2|21|1|1|NULL
2535|8|18|2|21|1|-1|NULL
2536|8|18|1|21|-1|1|NULL
2537|8|18|1|21|-1|-1|NULL
2538|1|61|1|21|-1|1|NULL
2539|1|61|1|21|-1|-1|NULL
2540|1|61|2|21|1|1|NULL
2541|1|61|2|21|1|-1|NULL
2542|1|59|1|21|-1|1|NULL
2543|1|59|1|21|-1|-1|NULL
2544|2|59|2|21|1|1|NULL
2545|2|59|2|21|1|-1|NULL
2546|31|59|1|21|-1|1|NULL
2547|31|59|1|21|-1|-1|NULL
2548|1|45|1|21|-1|1|NULL
2549|1|45|1|21|-1|-1|NULL
2550|1|45|2|21|1|1|NULL
2551|1|45|2|21|1|-1|NULL
2552|1|61|1|21|-1|1|269
2553|1|61|1|21|-1|-1|269
2554|1|61|2|21|1|1|269
2555|1|61|2|21|1|-1|269
2556|1|42|1|21|-1|1|207
2557|1|42|1|21|-1|-1|207
2558|8|42|1|21|-1|1|207
2559|8|42|1|21|-1|-1|207
2560|10|42|2|21|1|-1|207
2561|1|52|1|21|1|1|233
2562|1|52|1|21|1|-1|233
2563|1|56|2|21|1|1|256
2564|1|56|2|21|1|-1|256
2565|3|56|1|21|1|1|256
2566|3|56|1|21|1|-1|256
2568|1|4|2|21|1|-1|258
2569|2|59|2|21|1|1|268
2570|2|59|2|21|1|-1|268
2571|31|59|1|21|-1|1|268
2572|31|59|1|21|-1|-1|268
2574|1|4|2|21|1|1|258
2774|1|15|1|1|1|1|270
2775|1|15|1|19|1|1|270
2776|1|15|1|20|1|1|270
2777|1|15|1|21|1|1|270
2778|1|15|1|22|1|1|270
2779|1|15|1|23|1|1|270
2780|1|15|1|24|1|1|270
2781|1|15|1|25|1|1|270
2782|1|15|1|7|1|1|270
2792|1|15|1|1|1|-1|270
2793|1|15|1|19|1|-1|270
2794|1|15|1|20|1|-1|270
2795|1|15|1|21|1|-1|270
2796|1|15|1|22|1|-1|270
2797|1|15|1|23|1|-1|270
2798|1|15|1|24|1|-1|270
2799|1|15|1|25|1|-1|270
2800|1|15|1|7|1|-1|270
2874|8|15|1|16|1|-1|270
2876|8|15|1|16|1|1|270
2930|1|4|2|1|1|1|14
2931|1|4|2|19|1|1|14
2932|1|4|2|20|1|1|14
2933|1|4|2|21|1|1|14
2934|1|4|2|22|1|1|14
2935|1|4|2|23|1|1|14
2936|1|4|2|24|1|1|14
2937|1|4|2|25|1|1|14
2938|1|4|2|7|1|1|14
2948|1|4|2|1|1|-1|14
2949|1|4|2|19|1|-1|14
2950|1|4|2|20|1|-1|14
2951|1|4|2|21|1|-1|14
2952|1|4|2|22|1|-1|14
2953|1|4|2|23|1|-1|14
2954|1|4|2|24|1|-1|14
2955|1|4|2|25|1|-1|14
2956|1|4|2|7|1|-1|14
2985|1|17|1|1|-1|1|65
2986|1|17|1|19|-1|1|65
2987|1|17|1|20|-1|1|65
2988|1|17|1|21|-1|1|65
2989|1|17|1|22|-1|1|65
2990|1|17|1|23|-1|1|65
2991|1|17|1|24|-1|1|65
2992|1|17|1|25|-1|1|65
3001|1|17|1|1|-1|-1|65
3002|1|17|1|19|-1|-1|65
3003|1|17|1|20|-1|-1|65
3004|1|17|1|21|-1|-1|65
3005|1|17|1|22|-1|-1|65
3006|1|17|1|23|-1|-1|65
3007|1|17|1|24|-1|-1|65
3008|1|17|1|25|-1|-1|65
3018|2|17|2|1|1|1|65
3019|2|17|2|18|1|1|65
3020|2|17|2|19|1|1|65
3021|2|17|2|20|1|1|65
3022|2|17|2|21|1|1|65
3023|2|17|2|22|1|1|65
3024|2|17|2|23|1|1|65
3025|2|17|2|24|1|1|65
3026|2|17|2|25|1|1|65
3036|2|17|2|1|1|-1|65
3037|2|17|2|18|1|-1|65
3038|2|17|2|19|1|-1|65
3039|2|17|2|20|1|-1|65
3040|2|17|2|21|1|-1|65
3041|2|17|2|22|1|-1|65
3042|2|17|2|23|1|-1|65
3043|2|17|2|24|1|-1|65
3044|2|17|2|25|1|-1|65
3110|1|9|1|1|-1|1|33
3111|1|9|1|16|-1|1|33
3112|1|9|1|18|-1|1|33
3113|1|9|1|19|-1|1|33
3114|1|9|1|20|-1|1|33
3115|1|9|1|21|-1|1|33
3116|1|9|1|22|-1|1|33
3117|1|9|1|23|-1|1|33
3118|1|9|1|24|-1|1|33
3119|1|9|1|25|-1|1|33
3120|1|9|1|7|-1|1|33
3132|1|9|1|1|-1|-1|33
3133|1|9|1|16|-1|-1|33
3134|1|9|1|18|-1|-1|33
3135|1|9|1|19|-1|-1|33
3136|1|9|1|20|-1|-1|33
3137|1|9|1|21|-1|-1|33
3138|1|9|1|22|-1|-1|33
3139|1|9|1|23|-1|-1|33
3140|1|9|1|24|-1|-1|33
3141|1|9|1|25|-1|-1|33
3142|1|9|1|7|-1|-1|33
3170|1|9|2|1|1|-1|33
3171|1|9|2|19|1|-1|33
3172|1|9|2|20|1|-1|33
3173|1|9|2|21|1|-1|33
3174|1|9|2|22|1|-1|33
3175|1|9|2|23|1|-1|33
3176|1|9|2|24|1|-1|33
3177|1|9|2|25|1|-1|33
3178|1|9|2|7|1|-1|33
3188|1|9|2|1|1|1|33
3189|1|9|2|19|1|1|33
3190|1|9|2|20|1|1|33
3191|1|9|2|21|1|1|33
3192|1|9|2|22|1|1|33
3193|1|9|2|23|1|1|33
3194|1|9|2|24|1|1|33
3195|1|9|2|25|1|1|33
3196|1|9|2|7|1|1|33
